camera_matrix:
- - 3022.592950989742
  - 0.0
  - 2401.903488555578
- - 0.0
  - 3103.1221100188172
  - 772.2217875751928
- - 0.0
  - 0.0
  - 1.0
dist_coeff:
- - 0.28044535220520267
  - -0.843885356076748
  - -0.07164457005978093
  - -0.003016381246564366
  - 0.6334060467043588
